3.0000000000000000 100.5445043183484017
3.0200000000000000 84.4334200471811585
3.0400000000000000 69.7542879996953644
3.0600000000000001 56.3957930889835950
3.0800000000000001 44.2548350394362444
3.1000000000000001 33.2359370708542770
3.1200000000000001 23.2506965746552083
3.1400000000000001 14.2172748238721027
3.1600000000000001 6.0599229660234499
3.1800000000000002 -1.2914582592000983
3.2000000000000002 -7.9017274561010709
3.2200000000000002 -13.8308823747904910
3.2400000000000002 -19.1344126352563535
3.2600000000000002 -23.8636272859554310
3.2800000000000002 -28.0659589749246976
3.3000000000000003 -31.7852463865636850
3.3200000000000003 -35.0619964810993565
3.3400000000000003 -37.9336279657381397
3.3600000000000003 -40.4346973260755504
3.3800000000000003 -42.5971086529009852
3.4000000000000004 -44.4503084126739623
3.4200000000000004 -46.0214662291465046
3.4400000000000004 -47.3356426684738025
3.4600000000000004 -48.4159449502889601
3.4800000000000004 -49.2836714422386493
3.5000000000000004 -49.9584457350571611
3.5200000000000005 -50.4583410390754992
3.5400000000000005 -50.7999955908110792
3.5600000000000005 -50.9987197097109259
3.5800000000000005 -51.0685950999446874
3.6000000000000005 -51.0225669501433714
3.6200000000000006 -50.8725293449303493
3.6400000000000006 -50.6294044657749041
3.6600000000000006 -50.3032160249444757
3.6800000000000006 -49.9031573449398493
3.7000000000000006 -49.4376544666162658
3.7200000000000006 -48.9144246420653701
3.7400000000000007 -48.3405305431079526
3.7600000000000007 -47.7224304928002709
3.7800000000000007 -47.0660250055611016
3.8000000000000007 -46.3766999012597552
3.8200000000000007 -45.6593662397726376
3.8400000000000007 -44.9184973050049052
3.8600000000000008 -44.1581628510983535
3.8800000000000008 -43.3820608084204196
3.9000000000000008 -42.5935466328666053
3.9200000000000008 -41.7956604689411790
3.9400000000000008 -40.9911522849344152
3.9600000000000009 -40.1825051272255038
3.9800000000000009 -39.3719566302505299
4.0000000000000009 -38.5615189089241781
4.0200000000000005 -37.7529969512443984
4.0400000000000000 -36.9480056203898357
4.0599999999999996 -36.1479853677969345
4.0799999999999992 -35.3542167514333769
4.0999999999999988 -34.5678338467316451
4.1199999999999983 -33.7898366313697380
4.1399999999999979 -33.0211024192561240
4.1599999999999975 -32.2623964136596726
4.1799999999999971 -31.5143814443925514
4.1999999999999966 -30.7776269492798882
4.2199999999999962 -30.0526172558075899
4.2399999999999958 -29.3397592148062003
4.2599999999999953 -28.6393892342823762
4.2799999999999949 -27.9517797580298115
4.2999999999999945 -27.2771452304200857
4.3199999999999941 -26.6156475857725248
4.3399999999999936 -25.9674012979154440
4.3599999999999932 -25.3324780229627713
4.3799999999999928 -24.7109108659276941
4.3999999999999924 -24.1026982995631762
4.4199999999999919 -23.5078077617483387
4.4399999999999915 -22.9261789558162086
4.4599999999999911 -22.3577268764335741
4.4799999999999907 -21.8023445819863326
4.4999999999999902 -21.2599057328857377
4.5199999999999898 -20.7302669137837512
4.5399999999999894 -20.2132697563602584
4.5599999999999890 -19.7087428781164462
4.5799999999999885 -19.2165036514670824
4.5999999999999881 -18.7363598163665870
4.6199999999999877 -18.2681109487215032
4.6399999999999872 -17.8115497959313487
4.6599999999999868 -17.3664634900545138
4.6799999999999864 -16.9326346483124652
4.6999999999999860 -16.5098423699184629
4.7199999999999855 -16.0978631375431362
4.7399999999999851 -15.6964716311040284
4.7599999999999847 -15.3054414609871152
4.7799999999999843 -14.9245458272707623
4.7999999999999838 -14.5535581110249232
4.8199999999999834 -14.1922524032966777
4.8399999999999830 -13.8404039769656624
4.8599999999999826 -13.4977897062565315
4.8799999999999821 -13.1641884383284307
4.8999999999999817 -12.8393813210213850
4.9199999999999813 -12.5231520905243308
4.9399999999999809 -12.2152873224378560
4.9599999999999804 -11.9155766494343833
4.9799999999999800 -11.6238129484685473
