3.0000000000000000 37.6683596696903180
3.0200000000000000 33.5583916773472026
3.0400000000000000 29.7876085058678868
3.0600000000000001 26.3303417195428473
3.0800000000000001 23.1627939897233830
3.1000000000000001 20.2629052767295690
3.1200000000000001 17.6102284794899404
3.1400000000000001 15.1858138874533140
3.1600000000000001 12.9721018158921950
3.1800000000000002 10.9528228490406150
3.2000000000000002 9.1129051558067822
3.2200000000000002 7.4383883802907995
3.2400000000000002 5.9163436442066377
3.2600000000000002 4.5347992307394591
3.2800000000000002 3.2826715495429148
3.3000000000000003 2.1497010106387471
3.3200000000000003 1.1263924610843112
3.3400000000000003 0.2039598625513719
3.3600000000000003 -0.6257250894626729
3.3800000000000003 -1.3701806830644223
3.4000000000000004 -2.0363595027777741
3.4200000000000004 -2.6306895783143069
3.4400000000000004 -3.1591125929773121
3.4600000000000004 -3.6271193596624371
3.4800000000000004 -4.0397827578014720
3.5000000000000004 -4.4017883110036280
3.5200000000000005 -4.7174625725088104
3.5400000000000005 -4.9907994738099921
3.5600000000000005 -5.2254847808708949
3.5800000000000005 -5.4249187921974817
3.6000000000000005 -5.5922374035674727
3.6200000000000006 -5.7303316554311765
3.6400000000000006 -5.8418658708200493
3.6600000000000006 -5.9292944839985440
3.6800000000000006 -5.9948776530247949
3.7000000000000006 -6.0406957428126384
3.7200000000000006 -6.0686627591761351
3.7400000000000007 -6.0805388086541026
3.7600000000000007 -6.0779416536284856
3.7800000000000007 -6.0623574273379850
3.8000000000000007 -6.0351505688197937
3.8200000000000007 -5.9975730335664217
3.8400000000000007 -5.9507728317358195
3.8600000000000008 -5.8958019420825378
3.8800000000000008 -5.8336236463654680
3.9000000000000008 -5.7651193258150073
3.9200000000000008 -5.6910947582938380
3.9400000000000008 -5.6122859520438917
3.9600000000000009 -5.5293645493637271
3.9800000000000009 -5.4429428311920578
4.0000000000000009 -5.3535783513710999
4.0200000000000005 -5.2617782273169666
4.0400000000000000 -5.1680031119222569
4.0599999999999996 -5.0726708697479648
4.0799999999999992 -4.9761599789186226
4.0999999999999988 -4.8788126786077601
4.1199999999999983 -4.7809378805813356
4.1399999999999979 -4.6828138619480910
4.1599999999999975 -4.5846907550401541
4.1799999999999971 -4.4867928492083591
4.1999999999999966 -4.3893207182584932
4.2199999999999962 -4.2924531862713851
4.2399999999999958 -4.1963491436361480
4.2599999999999953 -4.1011492242770347
4.2799999999999949 -4.0069773542656728
4.2999999999999945 -3.9139421812778998
4.3199999999999941 -3.8221383936736419
4.3399999999999936 -3.7316479373461289
4.3599999999999932 -3.6425411378993231
4.3799999999999928 -3.5548777351669640
4.3999999999999924 -3.4687078365798829
4.4199999999999919 -3.3840727954176493
4.4399999999999915 -3.3010060195435327
4.4599999999999911 -3.2195337158158646
4.4799999999999907 -3.1396755749919709
4.4999999999999902 -3.0614454015908126
4.5199999999999898 -2.9848516928555577
4.5399999999999894 -2.9098981706554521
4.5599999999999890 -2.8365842698863553
4.5799999999999885 -2.7649055866691428
4.5999999999999881 -2.6948542894037910
4.6199999999999877 -2.6264194955128959
4.6399999999999872 -2.5595876165003375
4.6599999999999868 -2.4943426737578003
4.6799999999999864 -2.4306665873726767
4.6999999999999860 -2.3685394400246809
4.7199999999999855 -2.3079397179042003
4.7399999999999851 -2.2488445304423079
4.7599999999999847 -2.1912298105095891
4.7799999999999843 -2.1350704966177343
4.7999999999999838 -2.0803406985436022
4.8199999999999834 -2.0270138476895001
4.8399999999999830 -1.9750628333951050
4.8599999999999826 -1.9244601263253602
4.8799999999999821 -1.8751778899741254
4.8999999999999817 -1.8271880812450407
4.9199999999999813 -1.7804625409984145
4.9399999999999809 -1.7349730753856223
4.9599999999999804 -1.6906915287300934
4.9799999999999800 -1.6475898486561484
